vID: 54
   p(0.284326, 1.17341, -0.198735, 1)
   n(-0.577349, 0.577349, -0.577349)
   b 2  0       0       0
   w 1  0       0       0

Pose call is: pose(0, 0.4);, so time is 0.4

Plan: 
1. Test if vertex = pose * rest-1	

vertex matrices: pose * rest^-1
bone matrix 0
1,0,0,0
0,1,1.03316e-007,0
0,-1.03316e-007,1,1.42747e-008
0,0,0,1

bone matrix 1
0.498169,-0.86708,-1.78814e-007,0.339827
0.86708,0.498169,-2.23517e-008,0.196678
1.78814e-007,-1.78814e-007,1,1.42296e-008
0,0,0,1

bone matrix 2
0.498169,-0.86708,-2.13739e-007,0.339827
0.86708,0.498169,-2.14204e-008,0.196678
6.0536e-008,-2.09206e-007,1,1.44142e-007
0,0,0,1

bone matrix 3
1,-7.10543e-015,8.32665e-015,8.88178e-016
7.10543e-015,1,2.29159e-007,1.49012e-008
-4.5374e-015,-1.69554e-007,1,2.34265e-008
0,0,0,1

rest matrices:
bone matrix 0
1,0,0,0
0,1,7.54979e-008,0.138165
0,-7.54979e-008,1,0
0,0,0,1

bone matrix 1
-0.41398,0.76552,-0.492545,0
0.492545,0.643412,0.586021,0.391921
0.76552,1.02966e-007,-0.643412,-1.9158e-008
0,0,0,1

bone matrix 2
0.999908,0.00961497,0.00961456,0.467533
-0.00961453,0.999954,-9.25362e-005,0.784878
-0.00961497,1.49012e-007,0.999954,4.19076e-008
0,0,0,1

bone matrix 3
-1,9.43692e-015,8.74228e-008,0
8.74228e-008,1.28469e-007,1,0.138165
-1.79419e-015,1,-1.28469e-007,-1.9158e-008
0,0,0,1

pose matrices:
bone matrix 0
1,0,0,0
0,1,1.78814e-007,0.138165
0,-1.78814e-007,1,0
0,0,0,1

bone matrix 1
-0.633308,-0.176532,-0.753497,0
-0.113583,0.984295,-0.135138,0.391921
0.76552,1.5927e-007,-0.643413,-4.5375e-008
0,0,0,1

bone matrix 2
0.50646,-0.86225,0.0048697,-0.107815
0.86221,0.506483,0.00829047,0.993068
-0.00961491,-5.96046e-008,0.999954,5.00781e-008
0,0,0,1

bone matrix 3
-1,1.77636e-014,8.74228e-008,0
8.74228e-008,3.57628e-007,1,0.138165
-1.20797e-014,1,-2.98023e-007,-1.9158e-008
0,0,0,1


