time: Fri Feb 28 17:49:51 2014
time: Fri Feb 28 17:51:26 2014
time: Fri Feb 28 17:54:45 2014
time: Fri Feb 28 17:56:48 2014
time: Fri Feb 28 18:40:43 2014
exporting mesh: simple2
exporting mesh: Cube
exporting mesh: Cube.001
time: Fri Feb 28 18:45:58 2014
exporting mesh: simple2
exporting mesh: Cube
exporting mesh: Cube.001
time: Fri Feb 28 18:56:38 2014
exporting mesh: simple2
exporting mesh: Cube
exporting mesh: Cube.001
mesh transform not found... set to identity matrix
time: Fri Feb 28 19:29:38 2014
exporting mesh: simple2
exporting mesh: Cube
exporting mesh: Cube.001
mesh transform not found... set to identity matrix
time: Fri Feb 28 19:32:27 2014
exporting mesh: simple2
exporting mesh: Cube
exporting mesh: Cube.001
mesh transform not found... set to identity matrix
time: Sun Mar 02 17:39:14 2014
exporting mesh: simple2
exporting mesh: Cube
exporting mesh: Cube.001
time: Mon Mar 03 19:34:13 2014
exporting mesh: simple2
exporting mesh: Cube
exporting mesh: Cube.001
time: Mon Mar 03 19:43:52 2014
exporting mesh: simple2
exporting mesh: Cube
exporting mesh: Cube.001
time: Mon Mar 03 19:56:07 2014
exporting mesh: simple2
exporting mesh: Cube
exporting mesh: Cube.001
time: Mon Mar 03 19:57:18 2014
exporting mesh: simple2
exporting mesh: Cube
exporting mesh: Cube.001
time: Mon Mar 03 20:22:40 2014
exporting mesh: simple2
exporting mesh: Cube
exporting mesh: Cube.001
time: Mon Mar 03 20:24:46 2014
exporting mesh: simple2
exporting mesh: Cube
exporting mesh: Cube.001
time: Mon Mar 03 20:25:53 2014
exporting mesh: simple2
exporting mesh: Cube
exporting mesh: Cube.001
time: Mon Mar 03 20:26:12 2014
exporting mesh: simple2
exporting mesh: Cube
exporting mesh: Cube.001
time: Mon Mar 03 20:26:25 2014
exporting mesh: simple2
exporting mesh: Cube
exporting mesh: Cube.001
time: Mon Mar 03 20:27:12 2014
exporting mesh: simple2
exporting mesh: Cube
exporting mesh: Cube.001
time: Mon Mar 03 20:27:32 2014
exporting mesh: simple2
exporting mesh: Cube
exporting mesh: Cube.001
time: Mon Mar 03 20:29:41 2014
exporting mesh: simple2
exporting mesh: Cube
exporting mesh: Cube.001
time: Mon Mar 10 07:28:21 2014
exporting mesh: Cube.001
exporting mesh: simple2
exporting mesh: Cube
time: Mon Mar 10 07:32:34 2014
exporting mesh: Cube.001
exporting mesh: simple2
exporting mesh: Cube
time: Mon Mar 10 07:36:42 2014
exporting mesh: Cube.001
exporting mesh: simple2
exporting mesh: Cube
time: Mon Mar 10 07:40:21 2014
exporting mesh: Cube.001
exporting mesh: simple2
exporting mesh: Cube
time: Mon Mar 10 18:12:43 2014
exporting mesh: Cube.001
exporting mesh: simple2
exporting mesh: Cube
time: Mon Mar 10 18:15:27 2014
exporting mesh: Cube.001
exporting mesh: simple2
exporting mesh: Cube
time: Mon Mar 10 18:15:40 2014
exporting mesh: Cube.001
exporting mesh: simple2
exporting mesh: Cube
time: Mon Mar 10 18:21:37 2014
exporting mesh: Cube.001
exporting mesh: simple2
exporting mesh: Cube
time: Mon Mar 10 18:30:58 2014
exporting mesh: Cube.001
exporting mesh: simple2
exporting mesh: Cube
time: Wed Mar 12 20:08:17 2014
exporting mesh: Cube.001
exporting mesh: simple2
exporting mesh: Cube
=================================================
time: Sun Mar 16 20:18:07 2014
-------------------------------------------------
dumping node hierarchy: 
node: Scene
numMeshes: 0
numChildren: 6
transform: 
1	0	0	0	
0	0	1	0	
0	-1	0	0	
0	0	0	1	
>node: Lamp_001
>numMeshes: 0
>numChildren: 0
>transform: 
>0.290865	0.771101	-0.566393	1.52391	
>-0.955171	0.199884	-0.218391	-1.67053	
>-0.0551891	0.604525	0.794672	2.22765	
>0	0	0	1	
>node: Camera
>numMeshes: 0
>numChildren: 0
>transform: 
>-0.771565	0.275762	-0.573274	-3.00277	
>-0.636058	-0.349737	0.687833	3.92316	
>-0.0108168	0.895343	0.445245	3.59832	
>0	0	0	1	
>node: Lamp
>numMeshes: 0
>numChildren: 0
>transform: 
>0.290865	0.771101	-0.566393	-1.37321	
>-0.955171	0.199884	-0.218391	2.54951	
>-0.0551891	0.604525	0.794672	2.12195	
>0	0	0	1	
>node: Scene_root
>numMeshes: 0
>numChildren: 1
>transform: 
>-0.1	-1.4243e-015	-8.74228e-009	0	
>-8.74228e-009	1.62921e-008	0.1	0	
>0	0.1	-1.62921e-008	0.8	
>0	0	0	1	
>>node: Dir_Master
>>numMeshes: 0
>>numChildren: 1
>>transform: 
>>0.970367	-0.0931397	-0.222965	1.11796e-006	
>>-0.0931398	0.707255	-0.700796	3.1005	
>>0.222965	0.700796	0.677622	0.185055	
>>0	0	0	1	
>>>node: Master
>>>numMeshes: 0
>>>numChildren: 5
>>>transform: 
>>>0.970367	-0.222965	-0.0931398	-0.490049	
>>>-0.0931396	-0.700796	0.707255	-1.54026	
>>>-0.222965	-0.677621	-0.700796	-1.48932	
>>>0	0	0	1	
>node: loincloth
>numMeshes: 1
>numChildren: 0
>transform: 
>1	0	0	0	
>0	1	0	0	
>0	0	1	0	
>0	0	0	1	
>node: humale
>numMeshes: 1
>numChildren: 0
>transform: 
>1	0	0	0	
>0	1	0	0	
>0	0	1	0	
>0	0	0	1	
-------------------------------------------------
exporting meshes...: 
exporting mesh: sword
using node hierarchy transform
parent node to mesh: Palm-1_R
using rig_transf: 
-1.00023	-0.103601	-0.17147	0.672797	
0.00484999	0.860325	-0.54809	1.10825	
0.200279	-0.538231	-0.843078	0.0781565	
0	0	0	1	
exporting mesh: loincloth
parent node of rigged mesh: Scene_root
found transform of node Root
using rig_transf: 
-1	0	0	0	
0	0	1	0	
0	1	0	0	
0	0	0	1	
exporting mesh: humale
parent node of rigged mesh: Scene_root
found transform of node Hips
using rig_transf: 
1	0	0	0	
0	0	1	0	
0	-1	0	0	
0	0	0	1	
=================================================
time: Sun Mar 16 20:22:15 2014
-------------------------------------------------
dumping node hierarchy: 
node: Scene
numMeshes: 0
numChildren: 6
transform: 
1	0	0	0	
0	0	1	0	
0	-1	0	0	
0	0	0	1	
>node: Lamp_001
>numMeshes: 0
>numChildren: 0
>transform: 
>0.290865	0.771101	-0.566393	1.52391	
>-0.955171	0.199884	-0.218391	-1.67053	
>-0.0551891	0.604525	0.794672	2.22765	
>0	0	0	1	
>node: Camera
>numMeshes: 0
>numChildren: 0
>transform: 
>-0.771565	0.275762	-0.573274	-3.00277	
>-0.636058	-0.349737	0.687833	3.92316	
>-0.0108168	0.895343	0.445245	3.59832	
>0	0	0	1	
>node: Lamp
>numMeshes: 0
>numChildren: 0
>transform: 
>0.290865	0.771101	-0.566393	-1.37321	
>-0.955171	0.199884	-0.218391	2.54951	
>-0.0551891	0.604525	0.794672	2.12195	
>0	0	0	1	
>node: Scene_root
>numMeshes: 0
>numChildren: 1
>transform: 
>-0.1	-1.4243e-015	-8.74228e-009	0	
>-8.74228e-009	1.62921e-008	0.1	0	
>0	0.1	-1.62921e-008	0.8	
>0	0	0	1	
>>node: Dir_Master
>>numMeshes: 0
>>numChildren: 1
>>transform: 
>>0.970367	-0.0931397	-0.222965	1.11796e-006	
>>-0.0931398	0.707255	-0.700796	3.1005	
>>0.222965	0.700796	0.677622	0.185055	
>>0	0	0	1	
>>>node: Master
>>>numMeshes: 0
>>>numChildren: 5
>>>transform: 
>>>0.970367	-0.222965	-0.0931398	-0.490049	
>>>-0.0931396	-0.700796	0.707255	-1.54026	
>>>-0.222965	-0.677621	-0.700796	-1.48932	
>>>0	0	0	1	
>node: loincloth
>numMeshes: 1
>numChildren: 0
>transform: 
>1	0	0	0	
>0	1	0	0	
>0	0	1	0	
>0	0	0	1	
>node: humale
>numMeshes: 1
>numChildren: 0
>transform: 
>1	0	0	0	
>0	1	0	0	
>0	0	1	0	
>0	0	0	1	
-------------------------------------------------
exporting meshes...: 
exporting mesh: sword
using node hierarchy transform
parent node to mesh: Palm-1_R
using rig_transf: 
-1.00023	-0.103601	-0.17147	0.672797	
0.00484999	0.860325	-0.54809	1.10825	
0.200279	-0.538231	-0.843078	0.0781565	
0	0	0	1	
exporting mesh: loincloth
parent node of rigged mesh: Scene_root
found transform of node Root
using rig_transf: 
-1	0	0	0	
0	0	1	0	
0	1	0	0	
0	0	0	1	
exporting mesh: humale
parent node of rigged mesh: Scene_root
found transform of node Hips
using rig_transf: 
1	0	0	0	
0	0	1	0	
0	-1	0	0	
0	0	0	1	
=================================================
time: Sun Mar 16 20:29:26 2014
-------------------------------------------------
dumping node hierarchy: 
node: Scene
numMeshes: 0
numChildren: 6
transform: 
1	0	0	0	
0	0	1	0	
0	-1	0	0	
0	0	0	1	
>node: Lamp_001
>numMeshes: 0
>numChildren: 0
>transform: 
>0.290865	0.771101	-0.566393	1.52391	
>-0.955171	0.199884	-0.218391	-1.67053	
>-0.0551891	0.604525	0.794672	2.22765	
>0	0	0	1	
>node: Camera
>numMeshes: 0
>numChildren: 0
>transform: 
>-0.771565	0.275762	-0.573274	-3.00277	
>-0.636058	-0.349737	0.687833	3.92316	
>-0.0108168	0.895343	0.445245	3.59832	
>0	0	0	1	
>node: Lamp
>numMeshes: 0
>numChildren: 0
>transform: 
>0.290865	0.771101	-0.566393	-1.37321	
>-0.955171	0.199884	-0.218391	2.54951	
>-0.0551891	0.604525	0.794672	2.12195	
>0	0	0	1	
>node: Scene_root
>numMeshes: 0
>numChildren: 1
>transform: 
>-0.1	-1.4243e-015	-8.74228e-009	0	
>-8.74228e-009	1.62921e-008	0.1	0	
>0	0.1	-1.62921e-008	0.8	
>0	0	0	1	
>>node: Dir_Master
>>numMeshes: 0
>>numChildren: 1
>>transform: 
>>0.970367	-0.0931397	-0.222965	1.11796e-006	
>>-0.0931398	0.707255	-0.700796	3.1005	
>>0.222965	0.700796	0.677622	0.185055	
>>0	0	0	1	
>>>node: Master
>>>numMeshes: 0
>>>numChildren: 5
>>>transform: 
>>>0.970367	-0.222965	-0.0931398	-0.490049	
>>>-0.0931396	-0.700796	0.707255	-1.54026	
>>>-0.222965	-0.677621	-0.700796	-1.48932	
>>>0	0	0	1	
>node: loincloth
>numMeshes: 1
>numChildren: 0
>transform: 
>1	0	0	0	
>0	1	0	0	
>0	0	1	0	
>0	0	0	1	
>node: humale
>numMeshes: 1
>numChildren: 0
>transform: 
>1	0	0	0	
>0	1	0	0	
>0	0	1	0	
>0	0	0	1	
-------------------------------------------------
exporting meshes...: 
exporting mesh: sword
using node hierarchy transform
parent node to mesh: Palm-1_R
using rig_transf: 
-1.00023	-0.103601	-0.17147	0.672797	
0.00484999	0.860325	-0.54809	1.10825	
0.200279	-0.538231	-0.843078	0.0781565	
0	0	0	1	
exporting mesh: loincloth
parent node of rigged mesh: Scene_root
found transform of node Root
using rig_transf: 
-1	0	0	0	
0	0	1	0	
0	1	0	0	
0	0	0	1	
exporting mesh: humale
parent node of rigged mesh: Scene_root
found transform of node Hips
using rig_transf: 
1	0	0	0	
0	0	1	0	
0	-1	0	0	
0	0	0	1	
=================================================
time: Sun Mar 16 20:42:17 2014
-------------------------------------------------
dumping node hierarchy: 
node: Scene
numMeshes: 0
numChildren: 6
transform: 
1	0	0	0	
0	0	1	0	
0	-1	0	0	
0	0	0	1	
>node: Lamp_001
>numMeshes: 0
>numChildren: 0
>transform: 
>0.290865	0.771101	-0.566393	1.52391	
>-0.955171	0.199884	-0.218391	-1.67053	
>-0.0551891	0.604525	0.794672	2.22765	
>0	0	0	1	
>node: Camera
>numMeshes: 0
>numChildren: 0
>transform: 
>-0.771565	0.275762	-0.573274	-3.00277	
>-0.636058	-0.349737	0.687833	3.92316	
>-0.0108168	0.895343	0.445245	3.59832	
>0	0	0	1	
>node: Lamp
>numMeshes: 0
>numChildren: 0
>transform: 
>0.290865	0.771101	-0.566393	-1.37321	
>-0.955171	0.199884	-0.218391	2.54951	
>-0.0551891	0.604525	0.794672	2.12195	
>0	0	0	1	
>node: Scene_root
>numMeshes: 0
>numChildren: 1
>transform: 
>-0.1	-1.4243e-015	-8.74228e-009	0	
>-8.74228e-009	1.62921e-008	0.1	0	
>0	0.1	-1.62921e-008	0.8	
>0	0	0	1	
>>node: Dir_Master
>>numMeshes: 0
>>numChildren: 1
>>transform: 
>>0.970367	-0.0931397	-0.222965	1.11796e-006	
>>-0.0931398	0.707255	-0.700796	3.1005	
>>0.222965	0.700796	0.677622	0.185055	
>>0	0	0	1	
>>>node: Master
>>>numMeshes: 0
>>>numChildren: 5
>>>transform: 
>>>0.970367	-0.222965	-0.0931398	-0.490049	
>>>-0.0931396	-0.700796	0.707255	-1.54026	
>>>-0.222965	-0.677621	-0.700796	-1.48932	
>>>0	0	0	1	
>node: loincloth
>numMeshes: 1
>numChildren: 0
>transform: 
>1	0	0	0	
>0	1	0	0	
>0	0	1	0	
>0	0	0	1	
>node: humale
>numMeshes: 1
>numChildren: 0
>transform: 
>1	0	0	0	
>0	1	0	0	
>0	0	1	0	
>0	0	0	1	
-------------------------------------------------
exporting meshes...: 
exporting mesh: sword
using node hierarchy transform
parent node to mesh: Palm-1_R
using rig_transf: 
-1.00023	-0.103601	-0.17147	0.672797	
0.00484999	0.860325	-0.54809	1.10825	
0.200279	-0.538231	-0.843078	0.0781565	
0	0	0	1	
exporting mesh: loincloth
parent node of rigged mesh: Scene_root
found transform of node Root
using rig_transf: 
-1	0	0	0	
0	0	1	0	
0	1	0	0	
0	0	0	1	
exporting mesh: humale
parent node of rigged mesh: Scene_root
found transform of node Hips
using rig_transf: 
1	0	0	0	
0	0	1	0	
0	-1	0	0	
0	0	0	1	
