=================================================
time: Sun Mar 16 12:44:01 2014
-------------------------------------------------
dumping node hierarchy: 
node: Scene
numMeshes: 0
numChildren: 6
transform: 
1	0	0	0	
0	0	1	0	
0	-1	0	0	
0	0	0	1	
>node: Lamp_001
>numMeshes: 0
>numChildren: 0
>transform: 
>0.290865	0.771101	-0.566393	1.52391	
>-0.955171	0.199884	-0.218391	-1.67053	
>-0.0551891	0.604525	0.794672	2.22765	
>0	0	0	1	
>node: Camera
>numMeshes: 0
>numChildren: 0
>transform: 
>-0.771565	0.275762	-0.573274	-3.00277	
>-0.636058	-0.349737	0.687833	3.92316	
>-0.0108168	0.895343	0.445245	3.59832	
>0	0	0	1	
>node: Lamp
>numMeshes: 0
>numChildren: 0
>transform: 
>0.290865	0.771101	-0.566393	-1.37321	
>-0.955171	0.199884	-0.218391	2.54951	
>-0.0551891	0.604525	0.794672	2.12195	
>0	0	0	1	
>node: Scene_root
>numMeshes: 0
>numChildren: 1
>transform: 
>-0.1	-1.4243e-015	-8.74228e-009	0	
>-8.74228e-009	1.62921e-008	0.1	0	
>0	0.1	-1.62921e-008	0.8	
>0	0	0	1	
>>node: Dir_Master
>>numMeshes: 0
>>numChildren: 1
>>transform: 
>>0.970367	-0.0931397	-0.222965	1.11796e-006	
>>-0.0931398	0.707255	-0.700796	3.1005	
>>0.222965	0.700796	0.677622	0.185055	
>>0	0	0	1	
>>>node: Master
>>>numMeshes: 0
>>>numChildren: 5
>>>transform: 
>>>0.970367	-0.222965	-0.0931398	-0.490049	
>>>-0.0931396	-0.700796	0.707255	-1.54026	
>>>-0.222965	-0.677621	-0.700796	-1.48932	
>>>0	0	0	1	
>node: loincloth
>numMeshes: 1
>numChildren: 0
>transform: 
>1	0	0	0	
>0	1	0	0	
>0	0	1	0	
>0	0	0	1	
>node: humale
>numMeshes: 1
>numChildren: 0
>transform: 
>1	0	0	0	
>0	1	0	0	
>0	0	1	0	
>0	0	0	1	
-------------------------------------------------
exporting meshes...: 
exporting mesh: sword
using node hierarchy transform
parent node to mesh: sword
exporting mesh: loincloth
using node hierarchy transform
parent node to mesh: loincloth
exporting mesh: humale
using node hierarchy transform
parent node to mesh: humale
=================================================
time: Sun Mar 16 13:10:51 2014
-------------------------------------------------
dumping node hierarchy: 
node: Scene
numMeshes: 0
numChildren: 6
transform: 
1	0	0	0	
0	0	1	0	
0	-1	0	0	
0	0	0	1	
>node: Lamp_001
>numMeshes: 0
>numChildren: 0
>transform: 
>0.290865	0.771101	-0.566393	1.52391	
>-0.955171	0.199884	-0.218391	-1.67053	
>-0.0551891	0.604525	0.794672	2.22765	
>0	0	0	1	
>node: Camera
>numMeshes: 0
>numChildren: 0
>transform: 
>-0.771565	0.275762	-0.573274	-3.00277	
>-0.636058	-0.349737	0.687833	3.92316	
>-0.0108168	0.895343	0.445245	3.59832	
>0	0	0	1	
>node: Lamp
>numMeshes: 0
>numChildren: 0
>transform: 
>0.290865	0.771101	-0.566393	-1.37321	
>-0.955171	0.199884	-0.218391	2.54951	
>-0.0551891	0.604525	0.794672	2.12195	
>0	0	0	1	
>node: Scene_root
>numMeshes: 0
>numChildren: 1
>transform: 
>-0.1	-1.4243e-015	-8.74228e-009	0	
>-8.74228e-009	1.62921e-008	0.1	0	
>0	0.1	-1.62921e-008	0.8	
>0	0	0	1	
>>node: Dir_Master
>>numMeshes: 0
>>numChildren: 1
>>transform: 
>>0.970367	-0.0931397	-0.222965	1.11796e-006	
>>-0.0931398	0.707255	-0.700796	3.1005	
>>0.222965	0.700796	0.677622	0.185055	
>>0	0	0	1	
>>>node: Master
>>>numMeshes: 0
>>>numChildren: 5
>>>transform: 
>>>0.970367	-0.222965	-0.0931398	-0.490049	
>>>-0.0931396	-0.700796	0.707255	-1.54026	
>>>-0.222965	-0.677621	-0.700796	-1.48932	
>>>0	0	0	1	
>node: loincloth
>numMeshes: 1
>numChildren: 0
>transform: 
>1	0	0	0	
>0	1	0	0	
>0	0	1	0	
>0	0	0	1	
>node: humale
>numMeshes: 1
>numChildren: 0
>transform: 
>1	0	0	0	
>0	1	0	0	
>0	0	1	0	
>0	0	0	1	
-------------------------------------------------
exporting meshes...: 
exporting mesh: sword
using node hierarchy transform
parent node to mesh: sword
exporting mesh: loincloth
using node hierarchy transform
parent node to mesh: loincloth
exporting mesh: humale
using node hierarchy transform
parent node to mesh: humale
=================================================
time: Sun Mar 16 13:37:20 2014
-------------------------------------------------
dumping node hierarchy: 
node: Scene
numMeshes: 0
numChildren: 6
transform: 
1	0	0	0	
0	0	1	0	
0	-1	0	0	
0	0	0	1	
>node: Lamp_001
>numMeshes: 0
>numChildren: 0
>transform: 
>0.290865	0.771101	-0.566393	1.52391	
>-0.955171	0.199884	-0.218391	-1.67053	
>-0.0551891	0.604525	0.794672	2.22765	
>0	0	0	1	
>node: Camera
>numMeshes: 0
>numChildren: 0
>transform: 
>-0.771565	0.275762	-0.573274	-3.00277	
>-0.636058	-0.349737	0.687833	3.92316	
>-0.0108168	0.895343	0.445245	3.59832	
>0	0	0	1	
>node: Lamp
>numMeshes: 0
>numChildren: 0
>transform: 
>0.290865	0.771101	-0.566393	-1.37321	
>-0.955171	0.199884	-0.218391	2.54951	
>-0.0551891	0.604525	0.794672	2.12195	
>0	0	0	1	
>node: Scene_root
>numMeshes: 0
>numChildren: 1
>transform: 
>-0.1	-1.4243e-015	-8.74228e-009	0	
>-8.74228e-009	1.62921e-008	0.1	0	
>0	0.1	-1.62921e-008	0.8	
>0	0	0	1	
>>node: Dir_Master
>>numMeshes: 0
>>numChildren: 1
>>transform: 
>>0.970367	-0.0931397	-0.222965	1.11796e-006	
>>-0.0931398	0.707255	-0.700796	3.1005	
>>0.222965	0.700796	0.677622	0.185055	
>>0	0	0	1	
>>>node: Master
>>>numMeshes: 0
>>>numChildren: 5
>>>transform: 
>>>0.970367	-0.222965	-0.0931398	-0.490049	
>>>-0.0931396	-0.700796	0.707255	-1.54026	
>>>-0.222965	-0.677621	-0.700796	-1.48932	
>>>0	0	0	1	
>node: loincloth
>numMeshes: 1
>numChildren: 0
>transform: 
>1	0	0	0	
>0	1	0	0	
>0	0	1	0	
>0	0	0	1	
>node: humale
>numMeshes: 1
>numChildren: 0
>transform: 
>1	0	0	0	
>0	1	0	0	
>0	0	1	0	
>0	0	0	1	
-------------------------------------------------
exporting meshes...: 
exporting mesh: sword
using node hierarchy transform
parent node to mesh: sword
exporting mesh: loincloth
using parent skeleton transform
parent node of rigged mesh: Scene_root
could not find root bone for mesh
exporting mesh: humale
using parent skeleton transform
parent node of rigged mesh: Scene_root
could not find root bone for mesh
=================================================
time: Sun Mar 16 14:01:36 2014
-------------------------------------------------
dumping node hierarchy: 
node: Scene
numMeshes: 0
numChildren: 6
transform: 
1	0	0	0	
0	0	1	0	
0	-1	0	0	
0	0	0	1	
>node: Lamp_001
>numMeshes: 0
>numChildren: 0
>transform: 
>0.290865	0.771101	-0.566393	1.52391	
>-0.955171	0.199884	-0.218391	-1.67053	
>-0.0551891	0.604525	0.794672	2.22765	
>0	0	0	1	
>node: Camera
>numMeshes: 0
>numChildren: 0
>transform: 
>-0.771565	0.275762	-0.573274	-3.00277	
>-0.636058	-0.349737	0.687833	3.92316	
>-0.0108168	0.895343	0.445245	3.59832	
>0	0	0	1	
>node: Lamp
>numMeshes: 0
>numChildren: 0
>transform: 
>0.290865	0.771101	-0.566393	-1.37321	
>-0.955171	0.199884	-0.218391	2.54951	
>-0.0551891	0.604525	0.794672	2.12195	
>0	0	0	1	
>node: Scene_root
>numMeshes: 0
>numChildren: 1
>transform: 
>-0.1	-1.4243e-015	-8.74228e-009	0	
>-8.74228e-009	1.62921e-008	0.1	0	
>0	0.1	-1.62921e-008	0.8	
>0	0	0	1	
>>node: Dir_Master
>>numMeshes: 0
>>numChildren: 1
>>transform: 
>>0.970367	-0.0931397	-0.222965	1.11796e-006	
>>-0.0931398	0.707255	-0.700796	3.1005	
>>0.222965	0.700796	0.677622	0.185055	
>>0	0	0	1	
>>>node: Master
>>>numMeshes: 0
>>>numChildren: 5
>>>transform: 
>>>0.970367	-0.222965	-0.0931398	-0.490049	
>>>-0.0931396	-0.700796	0.707255	-1.54026	
>>>-0.222965	-0.677621	-0.700796	-1.48932	
>>>0	0	0	1	
>node: loincloth
>numMeshes: 1
>numChildren: 0
>transform: 
>1	0	0	0	
>0	1	0	0	
>0	0	1	0	
>0	0	0	1	
>node: humale
>numMeshes: 1
>numChildren: 0
>transform: 
>1	0	0	0	
>0	1	0	0	
>0	0	1	0	
>0	0	0	1	
-------------------------------------------------
exporting meshes...: 
exporting mesh: sword
using node hierarchy transform
parent node to mesh: sword
exporting mesh: loincloth
using parent skeleton transform
parent node of rigged mesh: Scene_root
parent node of rigged mesh: Scene_root
found transform of node Root
10	8.9407e-007	-3.15436e-007	0	
1.87479e-007	7.39592e-006	-10	0	
-1.3411e-006	10	5.37932e-006	0	
0.00300197	-9.73705	-0.341406	1	
exporting mesh: humale
using parent skeleton transform
parent node of rigged mesh: Scene_root
parent node of rigged mesh: Scene_root
found transform of node Hips
-10	-8.94071e-007	1.8254e-006	0	
1.32248e-006	-7.39592e-006	10	0	
-1.34134e-006	10	5.37932e-006	0	
-0.00399785	-12.3496	-0.348406	1	
=================================================
time: Sun Mar 16 14:05:38 2014
-------------------------------------------------
dumping node hierarchy: 
node: Scene
numMeshes: 0
numChildren: 6
transform: 
1	0	0	0	
0	0	1	0	
0	-1	0	0	
0	0	0	1	
>node: Lamp_001
>numMeshes: 0
>numChildren: 0
>transform: 
>0.290865	0.771101	-0.566393	1.52391	
>-0.955171	0.199884	-0.218391	-1.67053	
>-0.0551891	0.604525	0.794672	2.22765	
>0	0	0	1	
>node: Camera
>numMeshes: 0
>numChildren: 0
>transform: 
>-0.771565	0.275762	-0.573274	-3.00277	
>-0.636058	-0.349737	0.687833	3.92316	
>-0.0108168	0.895343	0.445245	3.59832	
>0	0	0	1	
>node: Lamp
>numMeshes: 0
>numChildren: 0
>transform: 
>0.290865	0.771101	-0.566393	-1.37321	
>-0.955171	0.199884	-0.218391	2.54951	
>-0.0551891	0.604525	0.794672	2.12195	
>0	0	0	1	
>node: Scene_root
>numMeshes: 0
>numChildren: 1
>transform: 
>-0.1	-1.4243e-015	-8.74228e-009	0	
>-8.74228e-009	1.62921e-008	0.1	0	
>0	0.1	-1.62921e-008	0.8	
>0	0	0	1	
>>node: Dir_Master
>>numMeshes: 0
>>numChildren: 1
>>transform: 
>>0.970367	-0.0931397	-0.222965	1.11796e-006	
>>-0.0931398	0.707255	-0.700796	3.1005	
>>0.222965	0.700796	0.677622	0.185055	
>>0	0	0	1	
>>>node: Master
>>>numMeshes: 0
>>>numChildren: 5
>>>transform: 
>>>0.970367	-0.222965	-0.0931398	-0.490049	
>>>-0.0931396	-0.700796	0.707255	-1.54026	
>>>-0.222965	-0.677621	-0.700796	-1.48932	
>>>0	0	0	1	
>node: loincloth
>numMeshes: 1
>numChildren: 0
>transform: 
>1	0	0	0	
>0	1	0	0	
>0	0	1	0	
>0	0	0	1	
>node: humale
>numMeshes: 1
>numChildren: 0
>transform: 
>1	0	0	0	
>0	1	0	0	
>0	0	1	0	
>0	0	0	1	
-------------------------------------------------
exporting meshes...: 
exporting mesh: sword
using node hierarchy transform
parent node to mesh: sword
exporting mesh: loincloth
using parent skeleton transform
parent node of rigged mesh: Scene_root
parent node of rigged mesh: Scene_root
found transform of node Root
10	0	0	0	
0	0	-10	0	
0	10	0	0	
0	-9.73705	0	1	
exporting mesh: humale
using parent skeleton transform
parent node of rigged mesh: Scene_root
parent node of rigged mesh: Scene_root
found transform of node Hips
-10	0	0	0	
0	0	10	0	
0	10	0	0	
0	-12.3496	0	1	
=================================================
time: Sun Mar 16 14:09:16 2014
-------------------------------------------------
dumping node hierarchy: 
node: Scene
numMeshes: 0
numChildren: 6
transform: 
1	0	0	0	
0	0	1	0	
0	-1	0	0	
0	0	0	1	
>node: Lamp_001
>numMeshes: 0
>numChildren: 0
>transform: 
>0.290865	0.771101	-0.566393	1.52391	
>-0.955171	0.199884	-0.218391	-1.67053	
>-0.0551891	0.604525	0.794672	2.22765	
>0	0	0	1	
>node: Camera
>numMeshes: 0
>numChildren: 0
>transform: 
>-0.771565	0.275762	-0.573274	-3.00277	
>-0.636058	-0.349737	0.687833	3.92316	
>-0.0108168	0.895343	0.445245	3.59832	
>0	0	0	1	
>node: Lamp
>numMeshes: 0
>numChildren: 0
>transform: 
>0.290865	0.771101	-0.566393	-1.37321	
>-0.955171	0.199884	-0.218391	2.54951	
>-0.0551891	0.604525	0.794672	2.12195	
>0	0	0	1	
>node: Scene_root
>numMeshes: 0
>numChildren: 1
>transform: 
>-0.1	-1.4243e-015	-8.74228e-009	0	
>-8.74228e-009	1.62921e-008	0.1	0	
>0	0.1	-1.62921e-008	0.8	
>0	0	0	1	
>>node: Dir_Master
>>numMeshes: 0
>>numChildren: 1
>>transform: 
>>0.970367	-0.0931397	-0.222965	1.11796e-006	
>>-0.0931398	0.707255	-0.700796	3.1005	
>>0.222965	0.700796	0.677622	0.185055	
>>0	0	0	1	
>>>node: Master
>>>numMeshes: 0
>>>numChildren: 5
>>>transform: 
>>>0.970367	-0.222965	-0.0931398	-0.490049	
>>>-0.0931396	-0.700796	0.707255	-1.54026	
>>>-0.222965	-0.677621	-0.700796	-1.48932	
>>>0	0	0	1	
>node: loincloth
>numMeshes: 1
>numChildren: 0
>transform: 
>1	0	0	0	
>0	1	0	0	
>0	0	1	0	
>0	0	0	1	
>node: humale
>numMeshes: 1
>numChildren: 0
>transform: 
>1	0	0	0	
>0	1	0	0	
>0	0	1	0	
>0	0	0	1	
-------------------------------------------------
exporting meshes...: 
exporting mesh: sword
using node hierarchy transform
parent node to mesh: sword
exporting mesh: loincloth
using parent skeleton transform
parent node of rigged mesh: Scene_root
parent node of rigged mesh: Scene_root
found transform of node Root
-10	0	0	0	
0	0	10	0	
0	10	0	0	
0	-9.73705	0	1	
exporting mesh: humale
using parent skeleton transform
parent node of rigged mesh: Scene_root
parent node of rigged mesh: Scene_root
found transform of node Hips
-10	0	0	0	
0	0	10	0	
0	10	0	0	
0	-12.3496	0	1	
=================================================
time: Sun Mar 16 14:10:45 2014
-------------------------------------------------
dumping node hierarchy: 
node: Scene
numMeshes: 0
numChildren: 6
transform: 
1	0	0	0	
0	0	1	0	
0	-1	0	0	
0	0	0	1	
>node: Lamp_001
>numMeshes: 0
>numChildren: 0
>transform: 
>0.290865	0.771101	-0.566393	1.52391	
>-0.955171	0.199884	-0.218391	-1.67053	
>-0.0551891	0.604525	0.794672	2.22765	
>0	0	0	1	
>node: Camera
>numMeshes: 0
>numChildren: 0
>transform: 
>-0.771565	0.275762	-0.573274	-3.00277	
>-0.636058	-0.349737	0.687833	3.92316	
>-0.0108168	0.895343	0.445245	3.59832	
>0	0	0	1	
>node: Lamp
>numMeshes: 0
>numChildren: 0
>transform: 
>0.290865	0.771101	-0.566393	-1.37321	
>-0.955171	0.199884	-0.218391	2.54951	
>-0.0551891	0.604525	0.794672	2.12195	
>0	0	0	1	
>node: Scene_root
>numMeshes: 0
>numChildren: 1
>transform: 
>-0.1	-1.4243e-015	-8.74228e-009	0	
>-8.74228e-009	1.62921e-008	0.1	0	
>0	0.1	-1.62921e-008	0.8	
>0	0	0	1	
>>node: Dir_Master
>>numMeshes: 0
>>numChildren: 1
>>transform: 
>>0.970367	-0.0931397	-0.222965	1.11796e-006	
>>-0.0931398	0.707255	-0.700796	3.1005	
>>0.222965	0.700796	0.677622	0.185055	
>>0	0	0	1	
>>>node: Master
>>>numMeshes: 0
>>>numChildren: 5
>>>transform: 
>>>0.970367	-0.222965	-0.0931398	-0.490049	
>>>-0.0931396	-0.700796	0.707255	-1.54026	
>>>-0.222965	-0.677621	-0.700796	-1.48932	
>>>0	0	0	1	
>node: loincloth
>numMeshes: 1
>numChildren: 0
>transform: 
>1	0	0	0	
>0	1	0	0	
>0	0	1	0	
>0	0	0	1	
>node: humale
>numMeshes: 1
>numChildren: 0
>transform: 
>1	0	0	0	
>0	1	0	0	
>0	0	1	0	
>0	0	0	1	
-------------------------------------------------
exporting meshes...: 
exporting mesh: sword
using node hierarchy transform
parent node to mesh: Palm-1_R
exporting mesh: loincloth
using parent skeleton transform
parent node of rigged mesh: Scene_root
parent node of rigged mesh: Scene_root
found transform of node Root
-10	0	0	0	
0	0	10	0	
0	10	0	0	
0	-8.86852	0	1	
exporting mesh: humale
using parent skeleton transform
parent node of rigged mesh: Scene_root
parent node of rigged mesh: Scene_root
found transform of node Hips
-10	0	0	0	
0	0	10	0	
0	10	0	0	
0	-10.1748	0	1	
=================================================
time: Sun Mar 16 14:16:36 2014
-------------------------------------------------
dumping node hierarchy: 
node: Scene
numMeshes: 0
numChildren: 6
transform: 
1	0	0	0	
0	0	1	0	
0	-1	0	0	
0	0	0	1	
>node: Lamp_001
>numMeshes: 0
>numChildren: 0
>transform: 
>0.290865	0.771101	-0.566393	1.52391	
>-0.955171	0.199884	-0.218391	-1.67053	
>-0.0551891	0.604525	0.794672	2.22765	
>0	0	0	1	
>node: Camera
>numMeshes: 0
>numChildren: 0
>transform: 
>-0.771565	0.275762	-0.573274	-3.00277	
>-0.636058	-0.349737	0.687833	3.92316	
>-0.0108168	0.895343	0.445245	3.59832	
>0	0	0	1	
>node: Lamp
>numMeshes: 0
>numChildren: 0
>transform: 
>0.290865	0.771101	-0.566393	-1.37321	
>-0.955171	0.199884	-0.218391	2.54951	
>-0.0551891	0.604525	0.794672	2.12195	
>0	0	0	1	
>node: Scene_root
>numMeshes: 0
>numChildren: 1
>transform: 
>-0.1	-1.4243e-015	-8.74228e-009	0	
>-8.74228e-009	1.62921e-008	0.1	0	
>0	0.1	-1.62921e-008	0.8	
>0	0	0	1	
>>node: Dir_Master
>>numMeshes: 0
>>numChildren: 1
>>transform: 
>>0.970367	-0.0931397	-0.222965	1.11796e-006	
>>-0.0931398	0.707255	-0.700796	3.1005	
>>0.222965	0.700796	0.677622	0.185055	
>>0	0	0	1	
>>>node: Master
>>>numMeshes: 0
>>>numChildren: 5
>>>transform: 
>>>0.970367	-0.222965	-0.0931398	-0.490049	
>>>-0.0931396	-0.700796	0.707255	-1.54026	
>>>-0.222965	-0.677621	-0.700796	-1.48932	
>>>0	0	0	1	
>node: humale
>numMeshes: 1
>numChildren: 0
>transform: 
>1	0	0	0	
>0	1	0	0	
>0	0	1	0	
>0	0	0	1	
>node: loincloth
>numMeshes: 1
>numChildren: 0
>transform: 
>1	0	0	0	
>0	1	0	0	
>0	0	1	0	
>0	0	0	1	
-------------------------------------------------
exporting meshes...: 
exporting mesh: sword
using node hierarchy transform
parent node to mesh: Palm-1_R
exporting mesh: humale
using parent skeleton transform
parent node of rigged mesh: Scene_root
parent node of rigged mesh: Scene_root
found transform of node Hips
1	0	0	0	
0	0	0	0	
0	0	1	0	
0	-2.1748	0	1	
exporting mesh: loincloth
using parent skeleton transform
parent node of rigged mesh: Scene_root
parent node of rigged mesh: Scene_root
found transform of node Root
10	0	0	0	
0	0	-10	0	
0	10	0	0	
0	-8.86852	0	1	
=================================================
time: Sun Mar 16 14:18:00 2014
-------------------------------------------------
dumping node hierarchy: 
node: Scene
numMeshes: 0
numChildren: 6
transform: 
1	0	0	0	
0	0	1	0	
0	-1	0	0	
0	0	0	1	
>node: Lamp_001
>numMeshes: 0
>numChildren: 0
>transform: 
>0.290865	0.771101	-0.566393	1.52391	
>-0.955171	0.199884	-0.218391	-1.67053	
>-0.0551891	0.604525	0.794672	2.22765	
>0	0	0	1	
>node: Camera
>numMeshes: 0
>numChildren: 0
>transform: 
>-0.771565	0.275762	-0.573274	-3.00277	
>-0.636058	-0.349737	0.687833	3.92316	
>-0.0108168	0.895343	0.445245	3.59832	
>0	0	0	1	
>node: Lamp
>numMeshes: 0
>numChildren: 0
>transform: 
>0.290865	0.771101	-0.566393	-1.37321	
>-0.955171	0.199884	-0.218391	2.54951	
>-0.0551891	0.604525	0.794672	2.12195	
>0	0	0	1	
>node: Scene_root
>numMeshes: 0
>numChildren: 1
>transform: 
>-0.1	-1.4243e-015	-8.74228e-009	0	
>-8.74228e-009	1.62921e-008	0.1	0	
>0	0.1	-1.62921e-008	0.8	
>0	0	0	1	
>>node: Dir_Master
>>numMeshes: 0
>>numChildren: 1
>>transform: 
>>0.970367	-0.0931397	-0.222965	1.11796e-006	
>>-0.0931398	0.707255	-0.700796	3.1005	
>>0.222965	0.700796	0.677622	0.185055	
>>0	0	0	1	
>>>node: Master
>>>numMeshes: 0
>>>numChildren: 5
>>>transform: 
>>>0.970367	-0.222965	-0.0931398	-0.490049	
>>>-0.0931396	-0.700796	0.707255	-1.54026	
>>>-0.222965	-0.677621	-0.700796	-1.48932	
>>>0	0	0	1	
>node: humale
>numMeshes: 1
>numChildren: 0
>transform: 
>1	0	0	0	
>0	1	0	0	
>0	0	1	0	
>0	0	0	1	
>node: loincloth
>numMeshes: 1
>numChildren: 0
>transform: 
>1	0	0	0	
>0	1	0	0	
>0	0	1	0	
>0	0	0	1	
-------------------------------------------------
exporting meshes...: 
exporting mesh: sword
using node hierarchy transform
parent node to mesh: Palm-1_R
exporting mesh: humale
using parent skeleton transform
parent node of rigged mesh: Scene_root
parent node of rigged mesh: Scene_root
found transform of node Hips
1	0	0	0	
0	0	0	0	
0	0	1	0	
0	-2.1748	0	1	
exporting mesh: loincloth
using parent skeleton transform
parent node of rigged mesh: Scene_root
parent node of rigged mesh: Scene_root
found transform of node Root
10	0	0	0	
0	0	-10	0	
0	10	0	0	
0	-8.86852	0	1	
=================================================
time: Sun Mar 16 14:28:31 2014
-------------------------------------------------
dumping node hierarchy: 
node: Scene
numMeshes: 0
numChildren: 6
transform: 
1	0	0	0	
0	0	1	0	
0	-1	0	0	
0	0	0	1	
>node: Lamp_001
>numMeshes: 0
>numChildren: 0
>transform: 
>0.290865	0.771101	-0.566393	1.52391	
>-0.955171	0.199884	-0.218391	-1.67053	
>-0.0551891	0.604525	0.794672	2.22765	
>0	0	0	1	
>node: Camera
>numMeshes: 0
>numChildren: 0
>transform: 
>-0.771565	0.275762	-0.573274	-3.00277	
>-0.636058	-0.349737	0.687833	3.92316	
>-0.0108168	0.895343	0.445245	3.59832	
>0	0	0	1	
>node: Lamp
>numMeshes: 0
>numChildren: 0
>transform: 
>0.290865	0.771101	-0.566393	-1.37321	
>-0.955171	0.199884	-0.218391	2.54951	
>-0.0551891	0.604525	0.794672	2.12195	
>0	0	0	1	
>node: Scene_root
>numMeshes: 0
>numChildren: 1
>transform: 
>-0.1	-1.4243e-015	-8.74228e-009	0	
>-8.74228e-009	1.62921e-008	0.1	0	
>0	0.1	-1.62921e-008	0.8	
>0	0	0	1	
>>node: Dir_Master
>>numMeshes: 0
>>numChildren: 1
>>transform: 
>>0.970367	-0.0931397	-0.222965	1.11796e-006	
>>-0.0931398	0.707255	-0.700796	3.1005	
>>0.222965	0.700796	0.677622	0.185055	
>>0	0	0	1	
>>>node: Master
>>>numMeshes: 0
>>>numChildren: 5
>>>transform: 
>>>0.970367	-0.222965	-0.0931398	-0.490049	
>>>-0.0931396	-0.700796	0.707255	-1.54026	
>>>-0.222965	-0.677621	-0.700796	-1.48932	
>>>0	0	0	1	
>node: humale
>numMeshes: 1
>numChildren: 0
>transform: 
>1	0	0	0	
>0	1	0	0	
>0	0	1	0	
>0	0	0	1	
>node: loincloth
>numMeshes: 1
>numChildren: 0
>transform: 
>1	0	0	0	
>0	1	0	0	
>0	0	1	0	
>0	0	0	1	
-------------------------------------------------
exporting meshes...: 
exporting mesh: sword
using node hierarchy transform
parent node to mesh: Palm-1_R
exporting mesh: humale
using parent skeleton transform
parent node of rigged mesh: Scene_root
parent node of rigged mesh: Scene_root
found transform of node Hips
1	0	0	0	
0	0	0	0	
0	0	1	0	
0	-4.3496	0	1	
exporting mesh: loincloth
using parent skeleton transform
parent node of rigged mesh: Scene_root
parent node of rigged mesh: Scene_root
found transform of node Root
10	0	0	0	
0	0	-10	0	
0	10	0	0	
0	-10.5755	8.51453	1	
=================================================
time: Sun Mar 16 14:29:28 2014
-------------------------------------------------
dumping node hierarchy: 
node: Scene
numMeshes: 0
numChildren: 6
transform: 
1	0	0	0	
0	0	1	0	
0	-1	0	0	
0	0	0	1	
>node: Lamp_001
>numMeshes: 0
>numChildren: 0
>transform: 
>0.290865	0.771101	-0.566393	1.52391	
>-0.955171	0.199884	-0.218391	-1.67053	
>-0.0551891	0.604525	0.794672	2.22765	
>0	0	0	1	
>node: Camera
>numMeshes: 0
>numChildren: 0
>transform: 
>-0.771565	0.275762	-0.573274	-3.00277	
>-0.636058	-0.349737	0.687833	3.92316	
>-0.0108168	0.895343	0.445245	3.59832	
>0	0	0	1	
>node: Lamp
>numMeshes: 0
>numChildren: 0
>transform: 
>0.290865	0.771101	-0.566393	-1.37321	
>-0.955171	0.199884	-0.218391	2.54951	
>-0.0551891	0.604525	0.794672	2.12195	
>0	0	0	1	
>node: Scene_root
>numMeshes: 0
>numChildren: 1
>transform: 
>-0.1	-1.4243e-015	-8.74228e-009	0	
>-8.74228e-009	1.62921e-008	0.1	0	
>0	0.1	-1.62921e-008	0.8	
>0	0	0	1	
>>node: Dir_Master
>>numMeshes: 0
>>numChildren: 1
>>transform: 
>>0.970367	-0.0931397	-0.222965	1.11796e-006	
>>-0.0931398	0.707255	-0.700796	3.1005	
>>0.222965	0.700796	0.677622	0.185055	
>>0	0	0	1	
>>>node: Master
>>>numMeshes: 0
>>>numChildren: 5
>>>transform: 
>>>0.970367	-0.222965	-0.0931398	-0.490049	
>>>-0.0931396	-0.700796	0.707255	-1.54026	
>>>-0.222965	-0.677621	-0.700796	-1.48932	
>>>0	0	0	1	
>node: humale
>numMeshes: 1
>numChildren: 0
>transform: 
>1	0	0	0	
>0	1	0	0	
>0	0	1	0	
>0	0	0	1	
>node: loincloth
>numMeshes: 1
>numChildren: 0
>transform: 
>1	0	0	0	
>0	1	0	0	
>0	0	1	0	
>0	0	0	1	
-------------------------------------------------
exporting meshes...: 
exporting mesh: sword
using node hierarchy transform
parent node to mesh: Palm-1_R
exporting mesh: humale
using parent skeleton transform
parent node of rigged mesh: Scene_root
parent node of rigged mesh: Scene_root
found transform of node Hips
0	0	0	0	
0	0	0	0	
0	0	0	0	
0	0	0	1	
exporting mesh: loincloth
using parent skeleton transform
parent node of rigged mesh: Scene_root
parent node of rigged mesh: Scene_root
found transform of node Root
0	0	0	0	
0	0	0	0	
0	0	0	0	
0	0	0	1	
=================================================
time: Sun Mar 16 14:30:31 2014
-------------------------------------------------
dumping node hierarchy: 
node: Scene
numMeshes: 0
numChildren: 6
transform: 
1	0	0	0	
0	0	1	0	
0	-1	0	0	
0	0	0	1	
>node: Lamp_001
>numMeshes: 0
>numChildren: 0
>transform: 
>0.290865	0.771101	-0.566393	1.52391	
>-0.955171	0.199884	-0.218391	-1.67053	
>-0.0551891	0.604525	0.794672	2.22765	
>0	0	0	1	
>node: Camera
>numMeshes: 0
>numChildren: 0
>transform: 
>-0.771565	0.275762	-0.573274	-3.00277	
>-0.636058	-0.349737	0.687833	3.92316	
>-0.0108168	0.895343	0.445245	3.59832	
>0	0	0	1	
>node: Lamp
>numMeshes: 0
>numChildren: 0
>transform: 
>0.290865	0.771101	-0.566393	-1.37321	
>-0.955171	0.199884	-0.218391	2.54951	
>-0.0551891	0.604525	0.794672	2.12195	
>0	0	0	1	
>node: Scene_root
>numMeshes: 0
>numChildren: 1
>transform: 
>-0.1	-1.4243e-015	-8.74228e-009	0	
>-8.74228e-009	1.62921e-008	0.1	0	
>0	0.1	-1.62921e-008	0.8	
>0	0	0	1	
>>node: Dir_Master
>>numMeshes: 0
>>numChildren: 1
>>transform: 
>>0.970367	-0.0931397	-0.222965	1.11796e-006	
>>-0.0931398	0.707255	-0.700796	3.1005	
>>0.222965	0.700796	0.677622	0.185055	
>>0	0	0	1	
>>>node: Master
>>>numMeshes: 0
>>>numChildren: 5
>>>transform: 
>>>0.970367	-0.222965	-0.0931398	-0.490049	
>>>-0.0931396	-0.700796	0.707255	-1.54026	
>>>-0.222965	-0.677621	-0.700796	-1.48932	
>>>0	0	0	1	
>node: humale
>numMeshes: 1
>numChildren: 0
>transform: 
>1	0	0	0	
>0	1	0	0	
>0	0	1	0	
>0	0	0	1	
>node: loincloth
>numMeshes: 1
>numChildren: 0
>transform: 
>1	0	0	0	
>0	1	0	0	
>0	0	1	0	
>0	0	0	1	
-------------------------------------------------
exporting meshes...: 
exporting mesh: sword
using node hierarchy transform
parent node to mesh: Palm-1_R
exporting mesh: humale
using parent skeleton transform
parent node of rigged mesh: Scene_root
parent node of rigged mesh: Scene_root
found transform of node Hips
-0.1	0	8.74228e-009	0	
-1.4243e-015	0.1	-1.62921e-008	0	
-8.74228e-009	-1.62921e-008	-0.1	0	
0	0.8	0	1	
exporting mesh: loincloth
using parent skeleton transform
parent node of rigged mesh: Scene_root
parent node of rigged mesh: Scene_root
found transform of node Root
-0.1	0	8.74228e-009	0	
-1.4243e-015	0.1	-1.62921e-008	0	
-8.74228e-009	-1.62921e-008	-0.1	0	
0	0.8	0	1	
=================================================
time: Sun Mar 16 14:31:27 2014
-------------------------------------------------
dumping node hierarchy: 
node: Scene
numMeshes: 0
numChildren: 6
transform: 
1	0	0	0	
0	0	1	0	
0	-1	0	0	
0	0	0	1	
>node: Lamp_001
>numMeshes: 0
>numChildren: 0
>transform: 
>0.290865	0.771101	-0.566393	1.52391	
>-0.955171	0.199884	-0.218391	-1.67053	
>-0.0551891	0.604525	0.794672	2.22765	
>0	0	0	1	
>node: Camera
>numMeshes: 0
>numChildren: 0
>transform: 
>-0.771565	0.275762	-0.573274	-3.00277	
>-0.636058	-0.349737	0.687833	3.92316	
>-0.0108168	0.895343	0.445245	3.59832	
>0	0	0	1	
>node: Lamp
>numMeshes: 0
>numChildren: 0
>transform: 
>0.290865	0.771101	-0.566393	-1.37321	
>-0.955171	0.199884	-0.218391	2.54951	
>-0.0551891	0.604525	0.794672	2.12195	
>0	0	0	1	
>node: Scene_root
>numMeshes: 0
>numChildren: 1
>transform: 
>-0.1	-1.4243e-015	-8.74228e-009	0	
>-8.74228e-009	1.62921e-008	0.1	0	
>0	0.1	-1.62921e-008	0.8	
>0	0	0	1	
>>node: Dir_Master
>>numMeshes: 0
>>numChildren: 1
>>transform: 
>>0.970367	-0.0931397	-0.222965	1.11796e-006	
>>-0.0931398	0.707255	-0.700796	3.1005	
>>0.222965	0.700796	0.677622	0.185055	
>>0	0	0	1	
>>>node: Master
>>>numMeshes: 0
>>>numChildren: 5
>>>transform: 
>>>0.970367	-0.222965	-0.0931398	-0.490049	
>>>-0.0931396	-0.700796	0.707255	-1.54026	
>>>-0.222965	-0.677621	-0.700796	-1.48932	
>>>0	0	0	1	
>node: humale
>numMeshes: 1
>numChildren: 0
>transform: 
>1	0	0	0	
>0	1	0	0	
>0	0	1	0	
>0	0	0	1	
>node: loincloth
>numMeshes: 1
>numChildren: 0
>transform: 
>1	0	0	0	
>0	1	0	0	
>0	0	1	0	
>0	0	0	1	
-------------------------------------------------
exporting meshes...: 
exporting mesh: sword
using node hierarchy transform
parent node to mesh: Palm-1_R
exporting mesh: humale
using parent skeleton transform
parent node of rigged mesh: Scene_root
parent node of rigged mesh: Scene_root
found transform of node Hips
0	0	0	0	
0	0	0	0	
0	0	0	0	
0	0	0	1	
exporting mesh: loincloth
using parent skeleton transform
parent node of rigged mesh: Scene_root
parent node of rigged mesh: Scene_root
found transform of node Root
0	0	0	0	
0	0	0	0	
0	0	0	0	
0	0	0	1	
=================================================
time: Sun Mar 16 14:32:12 2014
-------------------------------------------------
dumping node hierarchy: 
node: Scene
numMeshes: 0
numChildren: 6
transform: 
1	0	0	0	
0	0	1	0	
0	-1	0	0	
0	0	0	1	
>node: Lamp_001
>numMeshes: 0
>numChildren: 0
>transform: 
>0.290865	0.771101	-0.566393	1.52391	
>-0.955171	0.199884	-0.218391	-1.67053	
>-0.0551891	0.604525	0.794672	2.22765	
>0	0	0	1	
>node: Camera
>numMeshes: 0
>numChildren: 0
>transform: 
>-0.771565	0.275762	-0.573274	-3.00277	
>-0.636058	-0.349737	0.687833	3.92316	
>-0.0108168	0.895343	0.445245	3.59832	
>0	0	0	1	
>node: Lamp
>numMeshes: 0
>numChildren: 0
>transform: 
>0.290865	0.771101	-0.566393	-1.37321	
>-0.955171	0.199884	-0.218391	2.54951	
>-0.0551891	0.604525	0.794672	2.12195	
>0	0	0	1	
>node: Scene_root
>numMeshes: 0
>numChildren: 1
>transform: 
>-0.1	-1.4243e-015	-8.74228e-009	0	
>-8.74228e-009	1.62921e-008	0.1	0	
>0	0.1	-1.62921e-008	0.8	
>0	0	0	1	
>>node: Dir_Master
>>numMeshes: 0
>>numChildren: 1
>>transform: 
>>0.970367	-0.0931397	-0.222965	1.11796e-006	
>>-0.0931398	0.707255	-0.700796	3.1005	
>>0.222965	0.700796	0.677622	0.185055	
>>0	0	0	1	
>>>node: Master
>>>numMeshes: 0
>>>numChildren: 5
>>>transform: 
>>>0.970367	-0.222965	-0.0931398	-0.490049	
>>>-0.0931396	-0.700796	0.707255	-1.54026	
>>>-0.222965	-0.677621	-0.700796	-1.48932	
>>>0	0	0	1	
>node: humale
>numMeshes: 1
>numChildren: 0
>transform: 
>1	0	0	0	
>0	1	0	0	
>0	0	1	0	
>0	0	0	1	
>node: loincloth
>numMeshes: 1
>numChildren: 0
>transform: 
>1	0	0	0	
>0	1	0	0	
>0	0	1	0	
>0	0	0	1	
-------------------------------------------------
exporting meshes...: 
exporting mesh: sword
using node hierarchy transform
parent node to mesh: Palm-1_R
exporting mesh: humale
using parent skeleton transform
parent node of rigged mesh: Scene_root
parent node of rigged mesh: Scene_root
found transform of node Hips
0	0	0	0	
0	0	0	0	
0	0	0	0	
0	0	0	1	
exporting mesh: loincloth
using parent skeleton transform
parent node of rigged mesh: Scene_root
parent node of rigged mesh: Scene_root
found transform of node Root
0	0	0	0	
0	0	0	0	
0	0	0	0	
0	0	0	1	
=================================================
time: Sun Mar 16 14:33:09 2014
-------------------------------------------------
dumping node hierarchy: 
node: Scene
numMeshes: 0
numChildren: 6
transform: 
1	0	0	0	
0	0	1	0	
0	-1	0	0	
0	0	0	1	
>node: Lamp_001
>numMeshes: 0
>numChildren: 0
>transform: 
>0.290865	0.771101	-0.566393	1.52391	
>-0.955171	0.199884	-0.218391	-1.67053	
>-0.0551891	0.604525	0.794672	2.22765	
>0	0	0	1	
>node: Camera
>numMeshes: 0
>numChildren: 0
>transform: 
>-0.771565	0.275762	-0.573274	-3.00277	
>-0.636058	-0.349737	0.687833	3.92316	
>-0.0108168	0.895343	0.445245	3.59832	
>0	0	0	1	
>node: Lamp
>numMeshes: 0
>numChildren: 0
>transform: 
>0.290865	0.771101	-0.566393	-1.37321	
>-0.955171	0.199884	-0.218391	2.54951	
>-0.0551891	0.604525	0.794672	2.12195	
>0	0	0	1	
>node: Scene_root
>numMeshes: 0
>numChildren: 1
>transform: 
>-0.1	-1.4243e-015	-8.74228e-009	0	
>-8.74228e-009	1.62921e-008	0.1	0	
>0	0.1	-1.62921e-008	0.8	
>0	0	0	1	
>>node: Dir_Master
>>numMeshes: 0
>>numChildren: 1
>>transform: 
>>0.970367	-0.0931397	-0.222965	1.11796e-006	
>>-0.0931398	0.707255	-0.700796	3.1005	
>>0.222965	0.700796	0.677622	0.185055	
>>0	0	0	1	
>>>node: Master
>>>numMeshes: 0
>>>numChildren: 5
>>>transform: 
>>>0.970367	-0.222965	-0.0931398	-0.490049	
>>>-0.0931396	-0.700796	0.707255	-1.54026	
>>>-0.222965	-0.677621	-0.700796	-1.48932	
>>>0	0	0	1	
>node: humale
>numMeshes: 1
>numChildren: 0
>transform: 
>1	0	0	0	
>0	1	0	0	
>0	0	1	0	
>0	0	0	1	
>node: loincloth
>numMeshes: 1
>numChildren: 0
>transform: 
>1	0	0	0	
>0	1	0	0	
>0	0	1	0	
>0	0	0	1	
-------------------------------------------------
exporting meshes...: 
exporting mesh: sword
using node hierarchy transform
parent node to mesh: Palm-1_R
exporting mesh: humale
using parent skeleton transform
parent node of rigged mesh: Scene_root
parent node of rigged mesh: Scene_root
found transform of node Hips
-0.1	0	0	0	
0	0.1	0	0	
0	0	-0.1	0	
0	0.8	0	1	
exporting mesh: loincloth
using parent skeleton transform
parent node of rigged mesh: Scene_root
parent node of rigged mesh: Scene_root
found transform of node Root
-0.1	0	0	0	
0	0.1	0	0	
0	0	-0.1	0	
0	0.8	0	1	
=================================================
time: Sun Mar 16 14:39:39 2014
-------------------------------------------------
dumping node hierarchy: 
node: Scene
numMeshes: 0
numChildren: 6
transform: 
1	0	0	0	
0	0	1	0	
0	-1	0	0	
0	0	0	1	
>node: Lamp_001
>numMeshes: 0
>numChildren: 0
>transform: 
>0.290865	0.771101	-0.566393	1.52391	
>-0.955171	0.199884	-0.218391	-1.67053	
>-0.0551891	0.604525	0.794672	2.22765	
>0	0	0	1	
>node: Camera
>numMeshes: 0
>numChildren: 0
>transform: 
>-0.771565	0.275762	-0.573274	-3.00277	
>-0.636058	-0.349737	0.687833	3.92316	
>-0.0108168	0.895343	0.445245	3.59832	
>0	0	0	1	
>node: Lamp
>numMeshes: 0
>numChildren: 0
>transform: 
>0.290865	0.771101	-0.566393	-1.37321	
>-0.955171	0.199884	-0.218391	2.54951	
>-0.0551891	0.604525	0.794672	2.12195	
>0	0	0	1	
>node: Scene_root
>numMeshes: 0
>numChildren: 1
>transform: 
>-0.1	-1.4243e-015	-8.74228e-009	0	
>-8.74228e-009	1.62921e-008	0.1	0	
>0	0.1	-1.62921e-008	0.8	
>0	0	0	1	
>>node: Dir_Master
>>numMeshes: 0
>>numChildren: 1
>>transform: 
>>0.970367	-0.0931397	-0.222965	1.11796e-006	
>>-0.0931398	0.707255	-0.700796	3.1005	
>>0.222965	0.700796	0.677622	0.185055	
>>0	0	0	1	
>>>node: Master
>>>numMeshes: 0
>>>numChildren: 5
>>>transform: 
>>>0.970367	-0.222965	-0.0931398	-0.490049	
>>>-0.0931396	-0.700796	0.707255	-1.54026	
>>>-0.222965	-0.677621	-0.700796	-1.48932	
>>>0	0	0	1	
>node: humale
>numMeshes: 1
>numChildren: 0
>transform: 
>1	0	0	0	
>0	1	0	0	
>0	0	1	0	
>0	0	0	1	
>node: loincloth
>numMeshes: 1
>numChildren: 0
>transform: 
>1	0	0	0	
>0	1	0	0	
>0	0	1	0	
>0	0	0	1	
-------------------------------------------------
exporting meshes...: 
exporting mesh: sword
using node hierarchy transform
parent node to mesh: Palm-1_R
exporting mesh: humale
using parent skeleton transform
parent node of rigged mesh: Scene_root
parent node of rigged mesh: Scene_root
found transform of node Hips
abs_parent_root_bone_mat
-0.1	0	0	0	
0	0.1	0	0	
0	0	-0.1	0	
0	0.8	0	1	
supposed to be model transf
-0.1	0	0	0	
0	0.1	0	0	
0	0	-0.1	0	
-0.00399907	-3.5496	-0.348401	1	
exporting mesh: loincloth
using parent skeleton transform
parent node of rigged mesh: Scene_root
parent node of rigged mesh: Scene_root
found transform of node Root
abs_parent_root_bone_mat
-0.1	0	0	0	
0	0.1	0	0	
0	0	-0.1	0	
0	0.8	0	1	
supposed to be model transf
-1	0	0	0	
0	0	-1	0	
0	-1	0	0	
0.016505	-10.5755	0.514533	1	
=================================================
time: Sun Mar 16 14:47:27 2014
-------------------------------------------------
dumping node hierarchy: 
node: Scene
numMeshes: 0
numChildren: 6
transform: 
1	0	0	0	
0	0	1	0	
0	-1	0	0	
0	0	0	1	
>node: Lamp_001
>numMeshes: 0
>numChildren: 0
>transform: 
>0.290865	0.771101	-0.566393	1.52391	
>-0.955171	0.199884	-0.218391	-1.67053	
>-0.0551891	0.604525	0.794672	2.22765	
>0	0	0	1	
>node: Camera
>numMeshes: 0
>numChildren: 0
>transform: 
>-0.771565	0.275762	-0.573274	-3.00277	
>-0.636058	-0.349737	0.687833	3.92316	
>-0.0108168	0.895343	0.445245	3.59832	
>0	0	0	1	
>node: Lamp
>numMeshes: 0
>numChildren: 0
>transform: 
>0.290865	0.771101	-0.566393	-1.37321	
>-0.955171	0.199884	-0.218391	2.54951	
>-0.0551891	0.604525	0.794672	2.12195	
>0	0	0	1	
>node: Scene_root
>numMeshes: 0
>numChildren: 1
>transform: 
>-0.1	-1.4243e-015	-8.74228e-009	0	
>-8.74228e-009	1.62921e-008	0.1	0	
>0	0.1	-1.62921e-008	0.8	
>0	0	0	1	
>>node: Dir_Master
>>numMeshes: 0
>>numChildren: 1
>>transform: 
>>0.970367	-0.0931397	-0.222965	1.11796e-006	
>>-0.0931398	0.707255	-0.700796	3.1005	
>>0.222965	0.700796	0.677622	0.185055	
>>0	0	0	1	
>>>node: Master
>>>numMeshes: 0
>>>numChildren: 5
>>>transform: 
>>>0.970367	-0.222965	-0.0931398	-0.490049	
>>>-0.0931396	-0.700796	0.707255	-1.54026	
>>>-0.222965	-0.677621	-0.700796	-1.48932	
>>>0	0	0	1	
>node: loincloth
>numMeshes: 1
>numChildren: 0
>transform: 
>1	0	0	0	
>0	1	0	0	
>0	0	1	0	
>0	0	0	1	
>node: humale
>numMeshes: 1
>numChildren: 0
>transform: 
>1	0	0	0	
>0	1	0	0	
>0	0	1	0	
>0	0	0	1	
-------------------------------------------------
exporting meshes...: 
exporting mesh: sword
using node hierarchy transform
parent node to mesh: Palm-1_R
exporting mesh: loincloth
using parent skeleton transform
parent node of rigged mesh: Scene_root
parent node of rigged mesh: Scene_root
found transform of node Root
abs_parent_root_bone_mat
-0.1	0	0	0	
0	0.1	0	0	
0	0	-0.1	0	
0	0.8	0	1	
supposed to be equal to above
-10	0	0	0	
0	0	10	0	
0	10	0	0	
0.00300197	-9.73705	-0.341406	1	
exporting mesh: humale
using parent skeleton transform
parent node of rigged mesh: Scene_root
parent node of rigged mesh: Scene_root
found transform of node Hips
abs_parent_root_bone_mat
-0.1	0	0	0	
0	0.1	0	0	
0	0	-0.1	0	
0	0.8	0	1	
supposed to be equal to above
-10	0	0	0	
0	0	10	0	
0	10	0	0	
-0.00399785	-12.3496	-0.348406	1	
=================================================
time: Sun Mar 16 14:49:04 2014
-------------------------------------------------
dumping node hierarchy: 
node: Scene
numMeshes: 0
numChildren: 6
transform: 
1	0	0	0	
0	0	1	0	
0	-1	0	0	
0	0	0	1	
>node: Lamp_001
>numMeshes: 0
>numChildren: 0
>transform: 
>0.290865	0.771101	-0.566393	1.52391	
>-0.955171	0.199884	-0.218391	-1.67053	
>-0.0551891	0.604525	0.794672	2.22765	
>0	0	0	1	
>node: Camera
>numMeshes: 0
>numChildren: 0
>transform: 
>-0.771565	0.275762	-0.573274	-3.00277	
>-0.636058	-0.349737	0.687833	3.92316	
>-0.0108168	0.895343	0.445245	3.59832	
>0	0	0	1	
>node: Lamp
>numMeshes: 0
>numChildren: 0
>transform: 
>0.290865	0.771101	-0.566393	-1.37321	
>-0.955171	0.199884	-0.218391	2.54951	
>-0.0551891	0.604525	0.794672	2.12195	
>0	0	0	1	
>node: Scene_root
>numMeshes: 0
>numChildren: 1
>transform: 
>-0.1	-1.4243e-015	-8.74228e-009	0	
>-8.74228e-009	1.62921e-008	0.1	0	
>0	0.1	-1.62921e-008	0.8	
>0	0	0	1	
>>node: Dir_Master
>>numMeshes: 0
>>numChildren: 1
>>transform: 
>>0.970367	-0.0931397	-0.222965	1.11796e-006	
>>-0.0931398	0.707255	-0.700796	3.1005	
>>0.222965	0.700796	0.677622	0.185055	
>>0	0	0	1	
>>>node: Master
>>>numMeshes: 0
>>>numChildren: 5
>>>transform: 
>>>0.970367	-0.222965	-0.0931398	-0.490049	
>>>-0.0931396	-0.700796	0.707255	-1.54026	
>>>-0.222965	-0.677621	-0.700796	-1.48932	
>>>0	0	0	1	
>node: loincloth
>numMeshes: 1
>numChildren: 0
>transform: 
>1	0	0	0	
>0	1	0	0	
>0	0	1	0	
>0	0	0	1	
>node: humale
>numMeshes: 1
>numChildren: 0
>transform: 
>1	0	0	0	
>0	1	0	0	
>0	0	1	0	
>0	0	0	1	
-------------------------------------------------
exporting meshes...: 
exporting mesh: sword
using node hierarchy transform
parent node to mesh: Palm-1_R
exporting mesh: loincloth
using parent skeleton transform
parent node of rigged mesh: Scene_root
parent node of rigged mesh: Scene_root
found transform of node Root
abs_parent_root_bone_mat
-0.1	0	0	0	
0	0.1	0	0	
0	0	-0.1	0	
0	0.8	0	1	
supposed to be equal to above
-10	0	0	0	
0	0	10	0	
0	10	0	0	
0.00300197	-9.73705	-0.341406	1	
offset_mat for bone Root
-10	0	0	0	
0	0	10	0	
0	10	0	0	
0.00150084	-8.86852	-0.170702	1	
exporting mesh: humale
using parent skeleton transform
parent node of rigged mesh: Scene_root
parent node of rigged mesh: Scene_root
found transform of node Hips
abs_parent_root_bone_mat
-0.1	0	0	0	
0	0.1	0	0	
0	0	-0.1	0	
0	0.8	0	1	
supposed to be equal to above
-10	0	0	0	
0	0	10	0	
0	10	0	0	
-0.00399785	-12.3496	-0.348406	1	
offset_mat for bone Hips
-10	0	0	0	
0	0	10	0	
0	10	0	0	
-0.00199908	-10.1748	-0.174202	1	
=================================================
time: Sun Mar 16 14:52:28 2014
-------------------------------------------------
dumping node hierarchy: 
node: Scene
numMeshes: 0
numChildren: 6
transform: 
1	0	0	0	
0	0	1	0	
0	-1	0	0	
0	0	0	1	
>node: Lamp_001
>numMeshes: 0
>numChildren: 0
>transform: 
>0.290865	0.771101	-0.566393	1.52391	
>-0.955171	0.199884	-0.218391	-1.67053	
>-0.0551891	0.604525	0.794672	2.22765	
>0	0	0	1	
>node: Camera
>numMeshes: 0
>numChildren: 0
>transform: 
>-0.771565	0.275762	-0.573274	-3.00277	
>-0.636058	-0.349737	0.687833	3.92316	
>-0.0108168	0.895343	0.445245	3.59832	
>0	0	0	1	
>node: Lamp
>numMeshes: 0
>numChildren: 0
>transform: 
>0.290865	0.771101	-0.566393	-1.37321	
>-0.955171	0.199884	-0.218391	2.54951	
>-0.0551891	0.604525	0.794672	2.12195	
>0	0	0	1	
>node: Scene_root
>numMeshes: 0
>numChildren: 1
>transform: 
>-0.1	-1.4243e-015	-8.74228e-009	0	
>-8.74228e-009	1.62921e-008	0.1	0	
